32110020009169
32110020008505
32110020008556
32110020009737
32110020008516
32110020008485
32110020008405
32110020008494
32110020009829
32110020010037
32110020008515
32110020008605
32110020008493
32110020008517
32110020010956
32110020008495
32110020010411
32110020008498
32110020008486
32110020008412
32110020008420
32110020008559
32110020008491
32110020008649
32110020008511
32110020008522
32110020010478
32110020010589
32110020008502
32110020010280
32110020010163
32110020008439
32110020008550
32110020008512
32110020008531
32110020008487
32110020008492
32110020008528
32110020008530
32110020010591
32110020010744
32110020010757
32110020010744
32110020011020
