32110040004217
32110040004221
32110040004224
32110040004241
32110040004244
32110040004274
32110040004276
32110040004288
32110040004289
32110040004290
32110040004291
32110040004292
32110040004303
32110040004304
32110040004306
32110040004311
32110040004308
32110040004313
32110040004315
32110040004316
32110040004322
32110040004358
32110040004359
32110040004360
32110040004361
32110040004362
32110040004363
32110040004364
32110040004378
32110040004379
32110040004412
32110040004413
32110040004416
32110040004417
32110040004418
32110040004419
32110040004420
32110040004421
32110040004509
32110040004510
32110040004511
32110040004512
32110040004517
32110040004518
32110040004519
32110040004531
32110040004532
32110040004533
32110040004534
32110040004535
32110040004536
32110040004537
32110040004538
32110040004539
32110040004923
32110040004924
32110040004925
32110040004926
32110040004939
32110040004940
32110040004941
32110040004968
32110040004969
32110040004970
32110040004971
32110040004972
32110040004973
32110040004974
32110040004975
32110040005017
32110040005018
32110040005019
32110040005020
32110040005021
32110040005022
32110040005024
32110040005025
32110040005026
32110040005027
32110040005028
32110040005029
32110040005030
32110040005031
32110040005032
32110040005033
32110040005034
32110040005035
32110040005036
32110040005037
32110040005038
32110040005039
32110040005040
32110040005041
32110040005049
32110040005050
32110040005051
32110040005071
32110040005074
32110040005075
32110040005076
32110040005077
32110040005095
32110040005096
32110040005097
32110040005098
32110040005099
32110040005100
32110040005101
32110040005102
32110040005103
32110040005104
32110040005105
32110040005106
32110040005108
32110040005107
32110040005109
32110040005110
32110040005111
32110040005112
32110040005123
32110040005124
32110040005125
32110040005126
32110040005127
32110040005128
32110040005132
32110040005133
32110040005134
32110040005135
32110040005136
32110040005137
32110040005138
32110040005180
32110040005181
32110040005182
32110040005183
32110040005184
32110040005185
32110040005186
32110040005187
32110040005188
32110040005189
32110040005190
32110040005191
32110040005192
32110040005193
32110040005194
32110040005195
32110040005196
32110040005197
32110040005198
32110040005199
32110040005200