32110020008401
32110020008405
32110020008412
32110020008418
32110020008419
32110020008420
32110020008421
32110020008426
32110020008439
32110020008481
32110020008485
32110020008486
32110020008487
32110020008488
32110020008491
32110020008492
32110020008493
32110020008494
32110020008495
32110020008497
32110020008498
32110020008501
32110020008502
32110020008503
32110020008504
32110020008505
32110020008506
32110020008508
32110020008509
32110020008511
32110020008512
32110020008515
32110020008517
32110020008518
32110020008519
32110020008522
32110020008523
32110020008528
32110020008530
32110020008531
32110020008532
32110020008537
32110020008550
32110020008556
32110020008559
32110020008566
32110020008568
32110020008593
32110020008605
32110020008610
32110020008621
32110020008633
32110020008649
32110020008682
32110020008688
32110020009169