32110020008626
32110020008639
32110020008641
32110020008645
32110020008643
32110020008684
32110020008723
32110020008722
32110020008750
32110020008717
32110020008713
32110020008739
32110020008738
32110020008737
32110020008736
32110020008735
32110020008742
32110020008743
32110020008745
32110020008748
32110020008749
32110020008751
32110020008752
32110020008755
32110020008753
32110020008754
32110020008781
32110020008777
32110020008780
32110020008791
32110020008793
32110020008795
32110020008784
32110020008798
32110020008809
32110020008821
32110020008823
32110020008804
32110020008808
32110020008803
32110020008802
32110020008801
32110020008839
32110020008860
32110020008859
32110020008837
32110020008858
32110020008832
32110020008830
32110020008827
32110020008828
32110020008829
32110020008873
32110020008872
32110020008874
32110020008875
32110020008871
32110020008892
32110020008894
32110020008893
32110020008889
32110020008905
32110020008902
32110020008903
32110020008941
32110020008942
32110020008943
32110020008940
32110020008952
32110020008951
32110020008950
32110020008947
32110020008993
32110020008980
32110020008981
32110020008977
32110020008985
32110020008978
32110020008974
32110020008979
32110020008975
32110020008976
32110020009002
32110020009040
32110020009041
32110020009022
32110020009038
32110020009035
32110020009023
32110020009030
32110020009029
32110020009033
32110020009031
32110020009034
32110020009032
32110020009025
32110020009028
32110020009052
32110020009055
32110020009054
32110020009056
32110020009057
32110020009053
32110020009058
32110020009059
32110020009060
32110020009046
32110020009044
32110020009043
32110020009045
32110020009080
32110020009071
32110020009072
32110020009073
32110020009066
32110020009069
32110020009070
32110020009068
32110020009067
32110020009065
32110020009129
32110020009125
32110020009130
32110020009151
32110020009148
32110020009149
32110020009152
32110020009147
32110020009116
32110020009121
32110020009117
32110020009120
32110020009119
32110020009118
32110020009122
32110020009124
32110020009123
32110020009131
32110020009168
32110020009174
32110020009173
32110020009171
32110020009167
32110020009170
32110020009169
32110020009165
32110020009160
32110020009164
32110020009161
32110020009163
32110020009166
32110020009162
32110020009172
32110020009175
32110020009235
32110020009237
32110020009240
32110020009239
32110020009241
32110020009242
32110020009238
32110020009243
32110020009245
32110020009244
32110020009267
32110020009268
32110020009262
32110020009265
32110020009266
32110020009261
32110020009257
32110020009254
32110020009263
32110020009269
32110020009264
32110020009299
32110020009298
32110020009300
32110020009295
32110020009297
32110020009294
32110020009293
32110020009292
32110020009296
32110020009291
32110020009290
32110020009284
32110020009289
32110020009287
32110020009285
32110020009288
32110020009286
32110020009316
32110020009317
32110020009307
32110020009311
32110020009304
32110020009312
32110020009305
32110020009314
32110020009315
32110020009319
32110020009302
32110020009301
32110020009306
32110020009318
32110020009303
32110020009322
32110020009321
32110020009310
32110020009313
32110020009345
32110020009344
32110020009346
32110020009349
32110020009334
32110020009347
32110020009335
32110020009348
32110020009374
32110020009375
32110020009376
32110020009371
32110020009372
32110020009369
32110020009373
32110020009385
32110020009384
32110020009383
32110020009380
32110020009381
32110020009382
32110020009379
32110020009378
32110020009377
32110020009394
32110020009398
32110020009396
32110020009405
32110020009403
32110020009402
32110020009404
32110020009393
32110020009418
32110020009417
32110020009416
32110020009415
32110020009419
32110020009420
32110020009423
32110020009422
32110020009421
32110020009425
32110020009424
32110020009428
32110020009429
32110020009427
32110020009426
32110020010238
32110020010239
32110020010237
32110020010247
32110020010233
32110020010232
32110020010234
32110020010235
32110020010236
32110020010223
32110020010225
32110020010224
32110020010226
32110020010227
32110020010228
32110020010229
32110020010230
32110020010231
32110020010246
32110020010248
32110020010249
32110020010245
32110020010244
32110020010241
32110020010240
32110020010242
32110020010243
32110020010263
32110020010267
32110020010262
32110020010265
32110020010266
32110020010253
32110020010252
32110020010251
32110020010256
32110020010255
32110020010254
32110020010257
32110020010258
32110020010259
32110020010271
32110020010270
32110020010269
32110020010273
32110020010274
32110020010272
32110020010277
32110020010276
32110020010275
32110020010280
32110020010279
32110020010278
32110020010281
32110020010282
32110020010283
32110020010286
32110020010285
32110020010284
32110020010302
32110020010303
32110020010304
32110020010297
32110020010298
32110020010301
32110020010299
32110020010300
32110020010296
32110020010287
32110020010288
32110020010289
32110020010292
32110020010291
32110020010290
32110020010293
32110020010294
32110020010313
32110020010312
32110020010310
32110020010311
32110020010318
32110020010316
32110020010315
32110020010314
32110020010317
32110020010319
32110020010320
32110020010321
32110020010322
32110020010329
32110020010328
32110020010324
32110020010323
32110020010327
32110020010326
32110020010325
32110020010332
32110020010331
32110020010330
32110020010335
32110020010334
32110020010333
32110020010336
32110020010337
32110020010338
32110020010339
32110020010340
32110020010341
32110020010342
32110020010344
32110020010343
32110020010351
32110020010352
32110020010353
32110020010346
32110020010348
32110020010350
32110020010345
32110020010347
32110020010349
32110020010360
32110020010361
32110020010362
32110020010359
32110020010358
32110020010357
32110020010354
32110020010355
32110020010356
32110020010367
32110020010365
32110020010366
32110020010364
32110020010363
32110020010415
32110020010416
32110020010417
32110020010414
32110020010413
32110020010411
32110020010410
32110020010409
32110020010408
32110020010403
32110020010404
32110020010480
32110020010479
32110020010478
32110020010476
32110020010477
32110020010495
32110020010475
32110020010474
32110020010473
32110020010494
32110020010493
32110020010492
32110020010489
32110020010490
32110020010491
32110020010528
32110020010529
32110020010526
32110020010523
32110020010535
32110020010538
32110020010532
32110020010537
32110020010531
32110020010556
32110020010553
32110020010550
32110020010552
32110020010549
32110020010548
32110020010551
32110020010586
32110020010584
32110020010585
32110020010588
32110020010587
32110020010589
32110020010591
32110020010590
32110020010582
32110020010581
32110020010583
32110020010578
32110020010579
32110020010580
32110020010577
32110020010576
32110020010575
32110020010601
32110020010600
32110020010599
32110020010602
32110020010605
32110020010603
32110020010607
32110020010606
32110020010604