32110040001130
32110040000001
32110040000002
32110040000003
32110040000004
32110040000005
32110040000006
32110040000007
32110040000008
32110040000009
32110040000010
32110040000011
32110040000012
32110040000013
32110040000014
32110040000015
32110040000016
32110040000017
32110040000018
32110040000019
32110040000020
32110040000021
32110040000022
32110040000023
32110040000024
32110040000025
32110040000026
32110040000027
32110040000028
32110040000029
32110040000030
32110040000031
32110040000032
32110040000033
32110040000034
32110040000035
32110040000036
32110040000037
32110040000038
32110040000039
32110040000040
32110040000041
32110040000042
32110040000043
32110040000044
32110040000045
32110040000046
32110040000047
32110040000048
32110040000049
32110040000050
32110040000051
32110040000052
32110040000053
32110040000054
32110040000055
32110040000056
32110040000057
32110040000058
32110040000059
32110040000060
32110040000061
32110040000062
32110040000063
32110040000064
32110040000065
32110040000066
32110040000067
32110040000068
32110040000069
32110040000070
32110040000071
32110040000072
32110040000073
32110040000074
32110040000075
32110040000076
32110040000077
32110040000078
32110040000079
32110040000080
32110040000081
32110040000082
32110040000083
32110040000084
32110040000085
32110040000086
32110040000087
32110040000088
32110040000089
32110040000090
32110040000091
32110040000092
32110040000093
32110040000094
32110040000095
32110040000096
32110040000097
32110040000098
32110040000099
32110040000111 # destroyed DM 
32110040000112 # destroyed DM
32110040000114 # destroyed DM
32110040000116 # destroyed DM
32110040000130 # destroyed DM
32110040000135 # destroyed DM
32110040000147 # destroyed DM
32110040000207 # destroyed DM
32110040000210 # destroyed DM
32110040000244 # destroyed DM
32110040000305 # destroyed DM
32110040000377 # destroyed DM
32110040000385 # destroyed DM
32110040000394 # destroyed DM
32110040000398 # destroyed DM
32110040000401 # destroyed DM
32110040000408 # destroyed DM
32110040000414 # destroyed DM
32110040000792 # DM made with one bad SM (32110020000697)
32110040000941 # DM made with one bad SM (32110020001813)
32110040009000 # bad DM with cat. D SMs
32110040009001 # bad DM with cat. D SMs
32110040009002 # bad DM with cat. D SMs
32110040009003 # bad DM with cat. D SMs
32110040009004 # bad DM with cat. D SMs
32110040009005 # bad DM with cat. D SMs

32110040000101 #from here below the single foam DM are blacklisted
32110040000102
32110040000103
32110040000104
32110040000105
32110040000106
32110040000107
32110040000108
32110040000109
32110040000110
32110040000111
32110040000112
32110040000113
32110040000114
32110040000115
32110040000116
32110040000117
32110040000118
32110040000119
32110040000120
32110040000121
32110040000122
32110040000123
32110040000124
32110040000125
32110040000126
32110040000127
32110040000128
32110040000129
32110040000130
32110040000131
32110040000132
32110040000133
32110040000134
32110040000135
32110040000136
32110040000137
32110040000138
32110040000139
32110040000140
32110040000141
32110040000142
32110040000143
32110040000144
32110040000145
32110040000146
32110040000147
32110040000148
32110040000149
32110040000150
32110040000151
32110040000152
32110040000153
32110040000154
32110040000155
32110040000156
32110040000157
32110040000158
32110040000159
32110040000160
32110040000161
32110040000162
32110040000163
32110040000164
32110040000165
32110040000166
32110040000167
32110040000168
32110040000169
32110040000170
32110040000171
32110040000172
32110040000173
32110040000174
32110040000175
32110040000176
32110040000177
32110040000178
32110040000179
32110040000180
32110040000181
32110040000182
32110040000183
32110040000184
32110040000185
32110040000186
32110040000187
32110040000188
32110040000189
32110040000190
32110040000191
32110040000192
32110040000193
32110040000194
32110040000195
32110040000196
32110040000197
32110040000198
32110040000199
32110040000200
32110040000201
32110040000202
32110040000203
32110040000204
32110040000205
32110040000206
32110040000207
32110040000208
32110040000209
32110040000210
32110040000211
32110040000212
32110040000213
32110040000214
32110040000215
32110040000216
32110040000217
32110040000218
32110040000219
32110040000220
32110040000221
32110040000222
32110040000223
32110040000224
32110040000225
32110040000226
32110040000227
32110040000228
32110040000229
32110040000230
32110040000231
32110040000232
32110040000233
32110040000234
32110040000235
32110040000236
32110040000237
32110040000238
32110040000239
32110040000240
32110040000241
32110040000242
32110040000243
32110040000244
32110040000245
32110040000246
32110040000247
32110040000248
32110040000249
32110040000250
32110040000251
32110040000252
32110040000253
32110040000254
32110040000255
32110040000256
32110040000257
32110040000258
32110040000259
32110040000260
32110040000261
32110040000262
32110040000263
32110040000264
32110040000265
32110040000266
32110040000267
32110040000268
32110040000269
32110040000270
32110040000271
32110040000272
32110040000273
32110040000274
32110040000275
32110040000276
32110040000277
32110040000278
32110040000279
32110040000280
32110040000281
32110040000282
32110040000283
32110040000284
32110040000285
32110040000286
32110040000287
32110040000288
32110040000289
32110040000290
32110040000291
32110040000292
32110040000293
32110040000294
32110040000295
32110040000296
32110040000297
32110040000298
32110040000299
32110040000300
32110040000301
32110040000302
32110040000303
32110040000304
32110040000305
32110040000306
32110040000307
32110040000308
32110040000309
32110040000310
32110040000311
32110040000312
32110040000313
32110040000314
32110040000315
32110040000316
32110040000317
32110040000318
32110040000319
32110040000320
32110040000321
32110040000322
32110040000323
32110040000324
32110040000325
32110040000326
32110040000327
32110040000328
32110040000329
32110040000330
32110040000331
32110040000332
32110040000333
32110040000334
32110040000335
32110040000336
32110040000337
32110040000338
32110040000339
32110040000340
32110040000341
32110040000342
32110040000343
32110040000344
32110040000345
32110040000346
32110040000347
32110040000348
32110040000349
32110040000350
32110040000351
32110040000352
32110040000353
32110040000354
32110040000355
32110040000356
32110040000357
32110040000358
32110040000359
32110040000360
32110040000361
32110040000362
32110040000363
32110040000364
32110040000365
32110040000366
32110040000367
32110040000368
32110040000369
32110040000370
32110040000371
32110040000372
32110040000373
32110040000374
32110040000375
32110040000376
32110040000377
32110040000378
32110040000379
32110040000380
32110040000381
32110040000382
32110040000383
32110040000384
32110040000385
32110040000386
32110040000387
32110040000388
32110040000389
32110040000390
32110040000391
32110040000392
32110040000393
32110040000394
32110040000395
32110040000396
32110040000397
32110040000398
32110040000399
32110040000400
32110040000401
32110040000402
32110040000403
32110040000404
32110040000405
32110040000406
32110040000407
32110040000408
32110040000409
32110040000410
32110040000411
32110040000412
32110040000413
32110040000414
32110040000415
32110040000416
32110040000417
32110040000418
32110040000419
32110040000420
32110040000421
32110040000422
32110040000423
32110040000424
32110040000425
32110040000426
32110040000427
32110040000428
32110040000429
32110040000430
32110040000431
32110040000432
32110040000433
32110040000434
32110040000435
32110040000436
32110040000437
32110040000438
32110040000439
32110040000440
32110040000441
32110040000442
32110040000443
32110040000444
32110040000445
32110040000446
32110040000447
32110040000448
32110040000449
32110040000450
32110040000451
32110040000452
32110040000453
32110040000454
32110040000455
32110040000456
32110040000457
32110040000458
32110040000459
32110040000460
32110040000461
32110040000462
32110040000463
32110040000464
32110040000465
32110040000466
32110040000467
32110040000468
32110040000469
32110040000470
32110040000471
32110040000472
32110040000473
32110040000474
32110040000475
32110040000476
32110040000477
32110040000478
32110040000479
32110040000480
32110040000481
32110040000482
32110040000483
32110040000484
32110040000485
32110040000486
32110040000487
32110040000488
32110040000489
32110040000490
32110040000491
32110040000492
32110040000493
32110040000494
32110040000495
32110040000496
32110040000497
32110040000498
32110040000499
32110040000500
32110040000501
32110040000502
32110040000503
32110040000504
32110040000505
32110040000506
32110040000507
32110040000508
32110040000509
32110040000510
32110040000511
32110040000512
32110040000513
32110040000514
32110040000515
32110040000516
32110040000517
32110040000518
32110040000519
32110040000520
32110040000521
32110040000522
32110040000523
32110040000524
32110040000525
32110040000526
32110040000527
32110040000528
32110040000529
32110040000530
32110040000531
32110040000532
32110040000533
32110040000534
32110040000535
32110040000536
32110040000537
32110040000538
32110040000539
32110040000540
32110040000541
32110040000542
32110040000543
32110040000544
32110040000545
32110040000546
32110040000547
32110040000548
32110040000549
32110040000550
32110040000551
32110040000552
32110040000553
32110040000554
32110040000555
32110040000556
32110040000557
32110040000558
32110040000559
32110040000560
32110040000561
32110040000562
32110040000563
32110040000564
32110040000565
32110040000566
32110040000567
32110040000568
32110040000569
32110040000570
32110040000571
32110040000572
32110040000573
32110040000574
32110040000575
32110040000576
32110040000577
32110040000578
32110040000579
32110040000580
32110040000581
32110040000582
32110040000583
32110040000584
32110040000585
32110040000586
32110040000587
32110040000588
32110040000589
32110040000590
32110040000591
32110040000592
32110040000593
32110040000594
32110040000595
32110040000596
32110040000597
32110040000598
32110040000599
32110040000600
32110040000601
32110040000602
32110040000603
32110040000604
32110040000605
32110040000606
32110040000607
32110040000608
32110040000609
32110040000610
32110040000611
32110040000612
32110040000613
32110040000614
32110040000615
32110040000616
32110040000617
32110040000618
32110040000619
32110040000620
32110040000621
32110040000622
32110040000623
32110040000624
32110040000625
32110040000626
32110040000627
32110040000628
32110040000629
32110040000630
32110040000631
32110040000632
32110040000633
32110040000634
32110040000635
32110040000636
32110040000637
32110040000638
32110040000639
32110040000640
32110040000641
32110040000642
32110040000643
32110040000644
32110040000645
32110040000646
32110040000647
32110040000648
32110040000649
32110040000650
32110040000651
32110040000652
32110040000653
32110040000654
32110040000655
32110040000656
32110040000657
32110040000658
32110040000659
32110040000660
32110040000661
32110040000662
32110040000663
32110040000664
32110040000665
32110040000666
32110040000667
32110040000668
32110040000669
32110040000670
32110040000671
32110040000672
32110040000673
32110040000674
32110040000675
32110040000676
32110040000677
32110040000678
32110040000679
32110040000680
32110040000681
32110040000682
32110040000683
32110040000684
32110040000685
32110040000686
32110040000687
32110040000688
32110040000689
32110040000690
32110040000691
32110040000692
32110040000693
32110040000694
32110040000695
32110040000696
32110040000697
32110040000698
32110040000699
32110040000700
32110040000701
32110040000702
32110040000703
32110040000704
32110040000705
32110040000706
32110040000707
32110040000708
32110040000709
32110040000710
32110040000711
32110040000712
32110040000713
32110040000714
32110040000715
32110040000716
32110040000717
32110040000718
32110040000719
32110040000720
32110040000721
32110040000722
32110040000723
32110040000724
32110040000725
32110040000726
32110040000727
32110040000728
32110040000729
32110040000730
32110040000731
32110040000732
32110040000733
32110040000734
32110040000735
32110040000736
32110040000737
32110040000738
32110040000739
32110040000740
32110040000741
32110040000742
32110040000743
32110040000744
32110040000745
32110040000746
