11
12
13
30
31
32
34
36
38
40
46
49
50
51
52
53
54
55
56
57
58
61
62
63
106
107
108
110
111
112
113
115
116
117
119
127
128
129
130
131
132
134
135
136
137
139
140
141
157
159
160
161
162
163
164
165
166
167
170
171
175
176
179
180
181
182
240
241
242
243
248
250
252
253
254
255
256
257
258
259
261
262
265
269
271
272
273
274
275
276
277
278
279
280
281
282
283
284
285
286
287
288
290
292
293
294
295
296
297
303
307
309
310
311
312
313
314
315
316
317
318
320
321
323
324
325
326
327
328
329
330
331
333
334
335
336
337
338
340
341
342
